One can eyeball verify this a couple times in a text editor like Visual Studio Code with the native counting and Replace All functions. Or code.

8| +09 +08 +10 +12 +11 +08 +10 +17
7| +07 +09 +11 +09 +10 +12 +14 +12
6| +04 +07 +05 +08 +08 +06 +13 +10
5| +04 +10 +07 +09 +06 +08 +07 +09
4| +02 +06 +04 +02 +05 +09 +08 +11
3| +00 +03 +01 +04 +02 +07 +10 +07
2| +01 +02 +00 +01 +02 +05 +07 +06
1| +00 +02 +04 +03 +05 +06 +02 +04
    a   b   c   d   e   f   g   h

+04 To -01 ×6 And f8 +08 To +13
(0, b1), (0, c1), (30, a1)

8| +09 +08 +10 +12 +11 +13 +10 +17
7| +07 +09 +11 +09 +10 +12 +14 +12
6| -01 +07 +05 +08 +08 +06 +13 +10
5| -01 +10 +07 +09 +06 +08 +07 +09
4| +02 +06 -01 +02 +05 +09 +08 +11
3| +00 +03 +01 -01 +02 +07 +10 +07
2| +01 +02 +00 +01 +02 +05 +07 +06
1| +00 +02 -01 +03 +05 +06 +02 -01
    a   b   c   d   e   f   g   h

+02 To -03 ×7 And g8 +10 To +15
(0, b1), (35, c1)

8| +09 +08 +10 +12 +11 +13 +15 +17
7| +07 +09 +11 +09 +10 +12 +14 +12
6| -01 +07 +05 +08 +08 +06 +13 +10
5| -01 +10 +07 +09 +06 +08 +07 +09
4| -03 +06 -01 -03 +05 +09 +08 +11
3| +00 +03 +01 -01 -03 +07 +10 +07
2| +01 -03 +00 +01 -03 +05 +07 +06
1| +00 -03 -01 +03 +05 +06 -03 -01
    a   b   c   d   e   f   g   h

+05 To +04 ×4 And d8 +12 To +13
(0, d3), (0, d2), (0, d1), (0, e1), (4, f1)

8| +09 +08 +10 +13 +11 +13 +15 +17
7| +07 +09 +11 +09 +10 +12 +14 +12
6| -01 +07 +04 +08 +08 +06 +13 +10
5| -01 +10 +07 +09 +06 +08 +07 +09
4| -03 +06 -01 -03 +04 +09 +08 +11
3| +00 +03 +01 -01 -03 +07 +10 +07
2| +01 -03 +00 +01 -03 +04 +07 +06
1| +00 -03 -01 +03 +04 +06 -03 -01
    a   b   c   d   e   f   g   h

+09 To +6 ×6 And e4 +04 To +07
(0, f3), (0, f4), (0, d5), (18, f6)

8| +06 +08 +10 +13 +11 +13 +15 +17
7| +07 +06 +11 +06 +10 +12 +14 +12
6| -01 +07 +04 +08 +08 +06 +13 +10
5| -01 +10 +07 +06 +06 +08 +07 +06
4| -03 +06 -01 -03 +07 +06 +08 +11
3| +00 +03 +01 -01 -03 +07 +10 +07
2| +01 -03 +00 +01 -03 +04 +07 +06
1| +00 -03 -01 +03 +04 +06 -03 -01
    a   b   c   d   e   f   g   h

+13 To +11 ×3 And c1 -01 To +01
(0, e6), (0,e7), (0, c8), (0, e8), (0, f8), (6, g6)

8| +06 +08 +10 +11 +11 +11 +15 +17
7| +07 +06 +11 +06 +10 +12 +14 +12
6| -01 +07 +04 +08 +08 +06 +11 +10
5| -01 +10 +07 +06 +06 +08 +07 +06
4| -03 +06 -01 -03 +07 +06 +08 +11
3| +00 +03 +01 -01 -03 +07 +10 +07
2| +01 -03 +00 +01 -03 +04 +07 +06
1| +00 -03 +01 +03 +04 +06 -03 -01
    a   b   c   d   e   f   g   h

+11 To +07 ×6 And a5 -01 To +03
(0, h4), (24, f3)

8| +06 +08 +10 +07 +07 +07 +15 +17
7| +07 +06 +07 +06 +10 +12 +14 +12
6| -01 +07 +04 +08 +08 +06 +07 +10
5| +03 +10 +07 +06 +06 +08 +07 +06
4| -03 +06 -01 -03 +07 +06 +08 +07
3| +00 +03 +01 -01 -03 +07 +10 +07
2| +01 -03 +00 +01 -03 +04 +07 +06
1| +00 -03 +01 +03 +04 +06 -03 -01
    a   b   c   d   e   f   g   h

+07 To +06 ×14 And d5 +06 To +07
(0, g5), (0, e4), (14, g5)

8| +06 +08 +10 +06 +06 +06 +15 +17
7| +06 +06 +06 +06 +10 +12 +14 +12
6| -01 +06 +04 +08 +08 +06 +06 +10
5| +03 +10 +06 +07 +06 +08 +06 +06
4| -03 +06 -01 -03 +06 +06 +08 +06
3| +00 +03 +01 -01 -03 +06 +10 +06
2| +01 -03 +00 +01 -03 +04 +06 +06
1| +00 -03 +01 +03 +04 +06 -03 -01
    a   b   c   d   e   f   g   h

+06 To +04 ×24 And c6 +04 To +06
(0, f3), (48, h4)

8| +04 +08 +10 +04 +04 +04 +15 +17
7| +04 +04 +04 +04 +10 +12 +14 +12
6| -01 +04 +06 +08 +08 +04 +04 +10
5| +03 +10 +04 +07 +04 +08 +04 +04
4| -03 +04 -01 -03 +04 +04 +08 +04
3| +00 +03 +01 -01 -03 +04 +10 +04
2| +01 -03 +00 +01 -03 +04 +04 +04
1| +00 -03 +01 +03 +04 +04 -03 -01
    a   b   c   d   e   f   g   h

+04 To +02 ×25 And c5 +04 To +04
(0, g2), (0, f4), (50, h5)

8| +02 +08 +10 +02 +02 +02 +15 +17
7| +02 +02 +02 +02 +10 +12 +14 +12
6| -01 +02 +06 +08 +08 +02 +02 +10
5| +03 +10 +04 +07 +02 +08 +02 +02
4| -03 +02 -01 -03 +02 +02 +08 +02
3| +00 +03 +01 -01 -03 +02 +10 +02
2| +01 -03 +00 +01 -03 +02 +02 +02
1| +00 -03 +01 +03 +02 +02 -03 -01
    a   b   c   d   e   f   g   h

+02 To -02 ×25 And a4 -03 To +01
(100, f6)

8| -02 +08 +10 -02 -02 -02 +15 +17
7| -02 -02 -02 -02 +10 +12 +14 +12
6| -01 -02 +06 +08 +08 -02 -02 +10
5| +03 +10 +04 +07 -02 +08 -02 -02
4| +01 -02 -01 -03 -02 -02 +08 -02
3| +00 +03 +01 -01 -03 -02 +10 -02
2| +01 -03 +00 +01 -03 -02 -02 -02
1| +00 -03 +01 +03 -02 -02 -03 -01
    a   b   c   d   e   f   g   h

-02 To -05 ×25 And d5 +07 To +10
(0, e4), (75, d4)

8| -05 +08 +10 -05 -05 -05 +15 +17
7| -05 -05 -05 -05 +10 +12 +14 +12
6| -01 -05 +06 +08 +08 -05 -05 +10
5| +03 +10 +04 +10 -05 +08 -05 -05
4| +01 -05 -01 -03 -05 -05 +08 -05
3| +00 +03 +01 -01 -03 -05 +10 -05
2| +01 -03 +00 +01 -03 -05 -05 -05
1| +00 -03 +01 +03 -05 -05 -03 -01
    a   b   c   d   e   f   g   h

+14 To +13 ×1 And b2 -03 To -02
(0, c4), (0, c3), (0, a4), (0, a5), (0, c5), (0, c6), (0, d6), (0, d5), (0, e7), (0, f7), (0, g7), (1, g8)

8| -05 +08 +10 -05 -05 -05 +15 +17
7| -05 -05 -05 -05 +10 +12 +13 +12
6| -01 -05 +06 +08 +08 -05 -05 +10
5| +03 +10 +04 +10 -05 +08 -05 -05
4| +01 -05 -01 -03 -05 -05 +08 -05
3| +00 +03 +01 -01 -03 -05 +10 -05
2| +01 -02 +00 +01 -03 -05 -05 -05
1| +00 -03 +01 +03 -05 -05 -03 -01
    a   b   c   d   e   f   g   h

(0, b1), (0, c1), (30, a1), (0, b1), (35, c1), (0, d3), (0, d2), (0, d1), (0, e1), (4, f1), (0, f3), (0, f4), (0, d5), (18, f6), (0, e6), (0,e7), (0, c8), (0, e8), (0, f8), (6, g6), (0, h4), (24, f3), (0, g5), (0, e4), (14, g5), (0, f3), (48, h4), (0, g2), (0, f4), (50, h5), (100, f6), (0, e4), (75, d4), (0, c4), (0, c3), (0, a4), (0, a5), (0, c5), (0, c6), (0, d6), (0, d5), (0, e7), (0, f7), (0, g7), (1, g8), (0, h8)